151 4

0 11 3 0
0 11 3 1
0 11 3 2
1 9 -1 0
1 9 -1 1
1 9 2 2
2 10 -1 0
2 10 -1 1
2 10 -1 2
3 6 -1 0
3 6 -1 1
3 6 2 2
4 6 3 0
4 6 3 1
4 6 3 2
5 0 2 0
5 0 2 1
5 0 2 2
6 0 -1 0
6 0 -1 1
7 0 2 0
7 0 2 1
8 3 -1 0
8 3 -1 1
9 12 -1 0
9 12 -1 1
10 4 -1 0
10 4 -1 1
11 3 -1 0
11 2 -1 1
11 3 4  2
12 3 -1 0 
12 3 -1 1
12 3 4  2
13 17 -1 0
13 17 -1 1
14 9 -1 0
14 9 -1 1
15 0 17 0
15 0 17 1
16 3 2 0
16 3 2 1
17 11 3 0
17 11 3 1
17 11 3 2
18 6 11 0
18 6 11 1
19 6 3 0
19 6 3 1
20 4 -1 0
20 4 -1 1
21 0 -1 0
21 0 -1 1
22 10 -1 0
22 10 -1 1
23 1 -1 0
23 1 -1 1
24 9 -1 0
24 9 -1 1
25 10 -1 0
25 10 -1 1
25 10 1 2
26 13 -1 0
26 13 -1 1
26 13 -1 2
27 1 -1 0
27 1 -1 1
27 1 -1 2
28 11 3 0
28 11 3 1
28 11 3 2
29 10 3 0
29 10 3 1
30 5 4 0
30 5 4 1
30 5 4 2
31 9 -1 0
31 9 -1 1
32 10 13 0
32 10 13 1
33 12 8 0
33 12 8 1
34 0 2 0
35 0 2 0
35 0 2 1
36 10 -1 0
36 10 14 1
37 3 -1 0
37 3 -1 1
38 10 -1 0
38 10 14 1
39 7 3 0
39 7 3 1
39 7 3 2
40 5 4 0
41 13 -1 0
41 13 -1 1 
42 10 -1 0
42 10 -1 1
43 12 -1 0
43 12 -1 1
44 11 13 0
44 11 13 1
45 4 -1 0
45 4 -1 1
46 1 -1 0
47 1 -1 0
48 0 -1 0
49 3 -1 0
49 3 -1 1
50 4 5 0
50 4 5 1
51 0 -1 0
52 11 -1 0
53 0 -1 0
54 10 -1 0
54 10 -1 1
55 10 -1 0
55 10 -1 1
56 10 13 0
56 10 13 1
57 13 17 0
58 6 2 0
59 14 13 0
60 12 -1 0
61 9 -1 0
62 6 -1 0
63 0 -1 0
64 10 -1 0
64 10 2 1
65 10 14 0
66 0 -1 0
67 0 -1 0
67 10 -1 1
67 9 -1 1
67 12 -1 1
68 0 -1 0
69 5 10 0
69 5 10 1
70 5 10 0
70 5 10 1
71 5 2 0
72 0 -1 0
73 14 2 0
74 12 2 0
75 9 2 0
76 15 -1 0
76 15 -1 1
76 15 2 2
77 13 -1 0
78 13 -1 0