510

0
0
0
0
0
0
0
0
0
0
0
0
0
0
0
0
0
0
0
0
0
0
0
0
0
0
0
0
0
0
0
0
0
0
0
0
0
0
0
0
0
0
0
0
0
0
0
0
0
0
1
1
1
1
1
1
1
1
1
1
1
2
2
2
2
2
2
2
2
2
2
2
4
4
4
4
4
4
4
4
4
4
4
8
8
8
8
8
8
8
8
8
8
8
16
16
16
16
16
16
16
16
16
16
16
32
32
32
32
32
32
32
32
32
32
32
64
64
64
64
64
64
64
64
64
64
64
128
128
128
128
128
128
128
128
128
128
128
256
256
256
256
256
256
256
256
256
256
256
7
7
7
7
7
448
448
448
448
448
56
56
56
56
56
73
73
73
73
73
146
146
146
146
146
292
292
292
292
292
5
5
5
5
5
5
5
5
5
5
5
65
65
65
65
65
65
65
65
65
65
65
260
260
260
260
260
260
260
260
260
260
260
320
320
320
320
320
320
320
320
320
320
320
130
130
130
130
130
130
130
130
130
130
130
40
40
40
40
40
40
40
40
40
40
40
325
325
325
325
325
325
325
325
325
325
325
325
325
325
325
325
325
325
325
325
295
295
295
295
295
38
38
38
38
38
11
11
11
11
11
79
79
79
79
79
200
200
200
200
200
457
457
457
457
457
484
484
484
484
484
416
416
416
416
416
273
273
273
273
273
84
84
84
84
84
34
34
34
34
34
10
10
10
10
10
136
136
136
136
136
160
160
160
160
160
3
3
3
3
3
3
3
3
3
3
3
6
6
6
6
6
6
6
6
6
6
6
24
24
24
24
24
24
24
24
24
24
24
48
48
48
48
48
48
48
48
48
48
48
192
192
192
192
192
192
192
192
192
192
192
384
384
384
384
384
384
384
384
384
384
384
9
9
9
9
9
9
9
9
9
9
9
72
72
72
72
72
72
72
72
72
72
72
18
18
18
18
18
18
18
18
18
18
18
144
144
144
144
144
144
144
144
144
144
144
36
36
36
36
36
36
36
36
36
36
36
288
288
288
288
288
288
288
288
288
288
288
97
97
97
97
97
268
268
268
268
268
322
322
322
322
322
133
133
133
133
133
341
341
341
341
341
341
341
341
341
341
187
187
187
187
187
187
187
187
187
187
512
512
512